[ 0.          0.00243389  0.00448236  0.00625117  0.00780771  0.00919757
  0.01045308  0.01159798  0.01265022  0.01362373  0.01452948  0.01537633
  0.0161715   0.01692094  0.01762967  0.01830188  0.01894118  0.01955065
  0.02013297  0.02069048  0.02122521  0.02173896  0.02223333  0.02270975
  0.02316947  0.02361365  0.02404331  0.02445938  0.02486269  0.02525403
  0.02563408  0.02600349  0.02636285  0.02671269  0.02705351  0.02738578
  0.02770991  0.0280263   0.02833533  0.02863732  0.0289326   0.02922146
  0.02950418  0.02978102  0.03005222  0.03031802  0.03057862  0.03083423
  0.03108504  0.03133122  0.03157296  0.0318104   0.0320437   0.03227301
  0.03249845  0.03272016  0.03293827  0.03315288  0.03336411  0.03357207
  0.03377685  0.03397856  0.03417727  0.03437309  0.03456609  0.03475635
  0.03494395  0.03512896  0.03531146  0.03549151  0.03566917  0.0358445
  0.03601757  0.03618843  0.03635714  0.03652375  0.0366883   0.03685086
  0.03701146  0.03717014  0.03732697  0.03748196  0.03763517  0.03778664
  0.0379364   0.03808449  0.03823094  0.03837579  0.03851907  0.03866081
  0.03880105  0.03893981  0.03907712  0.03921301  0.03934751  0.03948064
  0.03961243  0.03974291  0.03987209  0.04      ]
[ 0.          0.00267274  0.00243389  0.00224957  0.00210172  0.00197972
  0.00187683  0.00178853  0.00171168  0.001644    0.00158382  0.00152985
  0.00148108  0.00143675  0.00139622  0.00135898  0.00132462  0.00129277
  0.00126316  0.00123553  0.00120968  0.00118542  0.00116261  0.00114109
  0.00112076  0.00110152  0.00108326  0.00106592  0.00104941  0.00103367
  0.00101865  0.0010043   0.00099056  0.00097739  0.00096476  0.00095264
  0.00094098  0.00092976  0.00091895  0.00090854  0.00089848  0.00088878
  0.0008794   0.00087032  0.00086154  0.00085304  0.00084479  0.0008368
  0.00082904  0.0008215   0.00081418  0.00080706  0.00080014  0.0007934
  0.00078683  0.00078044  0.0007742   0.00076812  0.00076219  0.00075639
  0.00075074  0.00074521  0.0007398   0.00073452  0.00072935  0.00072428
  0.00071933  0.00071447  0.00070972  0.00070505  0.00070048  0.00069599
  0.00069159  0.00068726  0.00068302  0.00067885  0.00067475  0.00067072
  0.00066676  0.00066286  0.00065902  0.00065525  0.00065154  0.00064788
  0.00064427  0.00064072  0.00063722  0.00063377  0.00063037  0.00062701
  0.0006237   0.00062044  0.00061721  0.00061403  0.00061089  0.00060779
  0.00060472  0.00060169  0.0005987   0.00059574]
